

== Processing Options ==

AlignmentMethod=DynamicTimeWarping
BaseFrameMode=SumMidNFrames (5)
BaseCount=15
BaseStart=27
BaseEnd=0
BaseFrameList=
FrameStart=0
FrameEnd=0
MaxShift=150
DynamicTimeWarpingMaxPoints=7500
DynamicTimeWarpingSakoeChibaMaxShiftPercent=25
MinimumIntensityThresholdFraction=0.005
DriftScanFilterMin=0
DriftScanFilterMax=0
MzFilterMin=0
MzFilterMax=0
ScanSmoothCount=7
MergeFrames=False
AppendMergedFrame=False

== Alignment Stats ==

                  Average scan shift by drift time scan percentile 
Column   Cost     10%    20%    30%    40%    50%    60%    70%    80%    90%   
2        4.58     -1     -61    -116   -140   -162   -167   -188   -199   -225
3        4.70     0      -40    -92    -115   -128   -130   -147   -163   -176
4        4.47     0      -42    -89    -111   -128   -141   -160   -183   -227
5        4.25     0      -65    -127   -163   -184   -202   -244   -270   -273
6        4.32     -1     -67    -139   -182   -211   -233   -271   358    -116
7        5.07     -1     -70    -155   -202   -238   -260   -299   327    -137
8        4.95     0      -62    -134   -170   -191   -210   -252   -270   -308
9        4.22     0      -59    -129   -166   -195   -217   -257   -287   -310
10       4.36     -1     -68    -146   -193   -222   -257   -294   -327   -159
11       4.79     0      -62    -128   -161   -186   -206   -238   -259   -293
12       4.53     -1     -819   -651   -124   -139   -151   -171   -183   -196
13       4.57     0      -36    -75    -91    -98    -99    -110   -115   -123
14       5.31     0      -17    -34    -37    -33    -27    -39    -39    -31
15       4.36     0      -245   -25    -29    -32    -28    -33    -34    -1
16       4.05     0      -46    -48    -60    -63    -74    -88    -91    -104
17       3.93     0      -32    -63    -80    -91    -98    -107   -121   -145
18       3.80     0      -17    -44    -50    -56    -55    -62    -67    -62
19       4.13     0      -21    -38    -43    -49    -55    -59    715    51
20       4.19     0      -241   -31    -43    -44    -46    -58    -64    -73
21       3.48     0      -13    -7     1      9      24     33     48     78
22       3.59     0      14     25     35     47     61     67     922    181
23       4.06     0      4      21     29     32     52     56     69     96
24       3.76     0      9      17     24     26     46     50     60     69
25       3.60     0      -27    -13    -11    -14    -12    -20    -16    -17
26       3.76     0      -26    -13    -14    -15    -3     -3     2      -16
27       0.00     0      0      0      0      0      0      0      0      0
28       4.45     0      -5     0      0      3      13     19     20     30
29       3.98     0      11     32     47     59     75     92     108    149
30       4.82     0      37     63     88     101    123    145    169    188
31       4.68     0      34     67     90     104    121    142    1008   254
32       4.29     0      36     72     101    119    149    177    205    243
33       4.52     0      60     114    151    174    214    242    285    330
34       4.31     0      54     119    162    185    228    251    296    342
35       4.10     0      55     119    156    190    232    263    308    347
36       4.56     0      78     151    204    240    299    335    1286   446
37       4.19     1      80     156    202    237    284    315    360    398
38       3.93     0      54     136    180    212    260    299    337    399
39       4.32     0      83     174    235    286    356    402    477    555
40       3.98     0      103    221    289    337    410    459    536    600
41       4.32     1      106    217    280    328    391    434    505    558
42       4.49     0      82     176    228    264    309    348    408    444
43       4.66     0      63     151    193    224    266    302    344    382
44       4.45     0      45     119    153    179    214    239    1162   370
45       4.23     0      29     93     122    140    171    188    211    256
46       4.11     0      48     93     121    146    180    200    230    272
47       4.23     0      39     100    130    158    185    220    1119   326
48       4.39     0      37     105    138    167    202    225    262    303
49       4.49     0      49     103    141    170    209    237    280    300
50       4.85     0      63     132    175    204    256    284    317    364
51       4.48     0      60     117    153    181    217    247    276    301
